structure(c(4.34403347454571e-06, 4.66167253081714e-05, -4.66167253081714e-05, 
2.7882351139898e-05, 3.25126468325226e-05, 1.92982253570174e-05, 
2.28252761579406e-05, 1.74608535669371e-05, -3.28640937185973e-05, 
-2.36087378622572e-05, -3.22088709584041e-06, -8.3384153626324e-05, 
1.93133323426057e-06, 7.82252219164326e-07, -7.82252219164326e-07, 
5.67264972687421e-07, 7.25186078418092e-07, 2.08571110426019e-07, 
-1.45001149219093e-07, 9.30411871524154e-09, 8.39307089230057e-07, 
1.67058149780605e-07, -6.98074956568671e-07, -1.39922087691637e-06, 
-3.07899516714302e-11, -3.36274301771597e-10, 3.36274301771597e-10, 
-2.01109669001615e-10, -2.34492405311808e-10, -1.39244570209922e-10, 
-1.64786823250273e-10, -1.26025130668402e-10, 2.37431679388822e-10, 
1.70459478044092e-10, 2.30781807832704e-11, 6.01496565849998e-10, 
1.33198546239833e-05, -0.000120979875868544, 0.000123772592744119, 
0.000123762798879322, -1.3322574946364e-05, 0.000120975500979462, 
-0.000123768116856643, -0.000123758323325841, 4.66167253219093e-05, 
0.000508883016470924, -0.000508883016470924, 0.000304340020111625, 
0.000354859203236253, 0.000210717621688082, 0.000249364124843931, 
0.000190709604562045, -0.0003592852533332, -0.000257948640860862, 
-3.49337473359477e-05, -0.000910242626322852, 7.8225221999188e-07, 
3.16890900180315e-07, -3.16890900180315e-07, 2.29792355139362e-07, 
2.93760596786097e-07, 8.450049509545e-08, -5.87025135873211e-08, 
3.78927899974844e-09, 3.39904962531802e-07, 6.76353137511613e-08, 
-2.82744837002363e-07, -5.66825318908434e-07, -3.36274301872741e-10, 
-3.6726399335107e-09, 3.6726399335107e-09, -2.19643129882902e-09, 
-2.56102285344497e-09, -1.52076791587875e-09, -1.7997291628035e-09, 
-1.3763910149493e-09, 2.59312431129062e-09, 1.86168340200466e-09, 
2.52049734118655e-10, 6.56928078056428e-09, 0.000168916286295187, 
-0.00132674547308124, 0.0013278634693106, 0.0013278740715758, 
-0.000168943975359515, 0.00132669749508845, -0.00132781545089662, 
-0.00132782605281908, -4.66167253225034e-05, -0.000508883016475524, 
0.000508883016475524, -0.000304340020114005, -0.000354859203238976, 
-0.000210717621690419, -0.000249364124846398, -0.000190709604563789, 
0.000359285253336369, 0.000257948640862746, 3.4933747335806e-05, 
0.000910242626330271, -7.82252219759181e-07, -3.16890900185657e-07, 
3.16890900185657e-07, -2.29792354939272e-07, -2.93760596559596e-07, 
-8.45004950648887e-08, 5.87025137770122e-08, -3.78927898489584e-09, 
-3.39904962654654e-07, -6.76353137262736e-08, 2.82744836834922e-07, 
5.66825318230058e-07, 3.36274301877183e-10, 3.67263993355135e-09, 
-3.67263993355135e-09, 2.19643129885161e-09, 2.56102285347192e-09, 
1.52076791590188e-09, 1.79972916282142e-09, 1.37639101496193e-09, 
-2.59312431132887e-09, -1.86168340202952e-09, -2.52049734126869e-10, 
-6.56928078065343e-09, -0.000168916286312861, 0.00132674547310703, 
-0.00132786346932486, -0.00132787407159695, 0.000168943975336075, 
-0.00132669749512934, 0.00132781545091479, 0.00132782605282931, 
2.78823511498296e-05, 0.000304340020136745, -0.000304340020136745, 
0.000182012403929338, 0.000212225828469906, 0.000126020731444786, 
0.000149132699410217, 0.000114054439816547, -0.000214870213369941, 
-0.000154266781130581, -2.0893548998195e-05, -0.000544375578075537, 
5.67264973328386e-07, 2.29792354690516e-07, -2.29792354690516e-07, 
1.66634074555919e-07, 2.13021179701345e-07, 6.1274163761392e-08, 
-4.25728835818678e-08, 2.74511995563237e-09, 2.46493976202867e-07, 
4.9050803850906e-08, -2.05037497883918e-07, -4.11031445373005e-07, 
-2.01109669081697e-10, -2.19643129900453e-09, 2.19643129900453e-09, 
-1.31358111282754e-09, -1.53162598420503e-09, -9.09498973342998e-10, 
-1.07633242966616e-09, -8.23154014453276e-10, 1.55082433963754e-09, 
1.11338431402083e-09, 1.50738960245417e-10, 3.92877444553440e-09, 
0.000100906078918669, -0.000793437131667583, 0.000794248665534075, 
0.000794255366970371, -0.000100922648259243, 0.000793408439261449, 
-0.000794219943816928, -0.000794226644978461, 3.25126468443053e-05, 
0.000354859203239321, -0.000354859203239321, 0.000212225828454985, 
0.000247454652032271, 0.000146939574704731, 0.000173887525297894, 
0.000132986695793709, -0.000250536217083823, -0.000179873838211041, 
-2.43625590602118e-05, -0.000634739678173104, 7.25186079714625e-07, 
2.93760596702001e-07, -2.93760596702001e-07, 2.13021180066607e-07, 
2.72321652203892e-07, 7.83307320339255e-08, -5.44266930082072e-08, 
3.50788215081262e-09, 3.15118422387618e-07, 6.27080730618264e-08, 
-2.62117825786832e-07, -5.2545195759236e-07, -2.34492405384568e-10, 
-2.56102285347298e-09, 2.56102285347298e-09, -1.5316259840912e-09, 
-1.78586471167301e-09, -1.06046916057702e-09, -1.25499575222214e-09, 
-9.59791569118665e-10, 1.80824985386762e-09, 1.29819797878088e-09, 
1.75760526755024e-10, 4.58092231051375e-09, 0.000117582201031824, 
-0.000925125022148443, 0.00092616300179481, 0.000926170981772569, 
-0.000117601527103947, 0.000925091567620305, -0.000926129509742422, 
-0.000926137489426113, 1.92982253931482e-05, 0.000210717621878242, 
-0.000210717621878242, 0.000126020731549185, 0.000146939574837431, 
8.72545143761648e-05, 0.000103257549442437, 7.89694838409671e-05, 
-0.000148775172425988, -0.000106812661569699, -1.44645880993082e-05, 
-0.000376912520879323, 2.08571103062774e-07, 8.45004927229385e-08, 
-8.45004927229385e-08, 6.12741630872013e-08, 7.83307328114893e-08, 
2.25337225146353e-08, -1.56475614512167e-08, 1.01351809103854e-09, 
9.06221598155104e-08, 1.80291536546918e-08, -7.53882695787567e-08, 
-1.51146719009413e-07, -1.39244570338973e-10, -1.52076791738745e-09, 
1.52076791738745e-09, -9.09498974052994e-10, -1.06046916149608e-09, 
-6.29720064631142e-10, -7.4523242681526e-10, -5.69936431252107e-10, 
1.07376174341831e-09, 7.70886457987528e-10, 1.04368834467983e-10, 
2.72020988487019e-09, 7.0079373432565e-05, -0.000549408705477788, 
0.000549707724969309, 0.00054971369954928, -7.00908272334682e-05, 
0.000549388837577571, -0.000549687846697831, -0.000549693820949992, 
2.28252761653712e-05, 0.000249364124847, -0.000249364124847, 
0.000149132699400416, 0.000173887525298977, 0.000103257549356735, 
0.000122199106035992, 9.34546937438282e-05, -0.000176071268378016, 
-0.000126406192359106, -1.71123680422761e-05, -0.000446039741907359, 
-1.45001148643972e-07, -5.87025138180865e-08, 5.87025138180865e-08, 
-4.25728837089715e-08, -5.44266933473307e-08, -1.56475609684774e-08, 
1.09006911866477e-08, -6.87797543580834e-10, -6.30351197137222e-08, 
-1.25572063932958e-08, 5.24092371573723e-08, 1.05001661860897e-07, 
-1.64786823307689e-10, -1.79972916281577e-09, 1.79972916281577e-09, 
-1.07633242959153e-09, -1.25499575222882e-09, -7.45232426173296e-10, 
-8.81933736532736e-10, -6.74482414257755e-10, 1.27072665176739e-09, 
9.12293601116804e-10, 1.23513675506266e-10, 3.21919012306713e-09, 
8.33852466563883e-05, -0.000650294454830323, 0.000650081494145208, 
0.000650087340208358, -8.33987628450852e-05, 0.000650270938818992, 
-0.000650057985830447, -0.0006500638316695, 1.74608535773084e-05, 
0.000190709604561906, -0.000190709604561906, 0.000114054439810931, 
0.000132986695796706, 7.89694837705524e-05, 9.34546937429051e-05, 
7.14720200544203e-05, -0.000134653192237627, -9.66720885302144e-05, 
-1.30887210033226e-05, -0.000341123880740303, 9.30412271444498e-09, 
3.78927952273392e-09, -3.78927952273392e-09, 2.74511998714299e-09, 
3.50788282114864e-09, 1.01351975341519e-09, -6.87798036725949e-10, 
5.2912302714634e-11, 4.0272078800581e-09, 7.93670208105499e-10, 
-3.36371593411107e-09, -6.77791512896281e-09, -1.26025130702127e-10, 
-1.37639101504723e-09, 1.37639101504723e-09, -8.2315401439852e-10, 
-9.59791569126743e-10, -5.69936430784416e-10, -6.74482414266803e-10, 
-5.15828466819031e-10, 9.71822195358547e-10, 6.97700932743441e-10, 
9.44603869660215e-11, 2.46196175089942e-09, 6.36326544268613e-05, 
-0.000497297589643824, 0.000497309000944818, 0.000497313181986011, 
-6.36430031852658e-05, 0.000497279606288097, -0.000497291017224056, 
-0.000497295198132678, -3.28640937414011e-05, -0.000359285253299213, 
0.000359285253299213, -0.000214870213331889, -0.000250536217056789, 
-0.000148775172273776, -0.000176071268356409, -0.0001346531922156, 
0.000253701201017264, 0.000182133430983231, 2.46478676001793e-05, 
0.000642656652879603, 8.39307080334057e-07, 3.39904957646407e-07, 
-3.39904957646407e-07, 2.46493974856603e-07, 3.15118419179972e-07, 
9.06221619305972e-08, -6.30351185337516e-08, 4.02720787765592e-09, 
3.64773106668449e-07, 7.26212871739252e-08, -3.03363652202632e-07, 
-6.0799075079186e-07, 2.3743167941461e-10, 2.59312431128641e-09, 
-2.59312431128641e-09, 1.55082433936866e-09, 1.80824985370654e-09, 
1.07376174234326e-09, 1.27072665164007e-09, 9.7182219520436e-10, 
-1.83091558522225e-09, -1.31447040185532e-09, -1.77963618828937e-10, 
-4.63834244751714e-09, -0.000120871541961841, 0.000937140509228764, 
-0.000935921769945888, -0.00093593131881318, 0.000120890954107514, 
-0.000937106620193597, 0.00093588792508822, 0.000935897473618227, 
-2.36087378702563e-05, -0.000257948640856457, 0.000257948640856457, 
-0.000154266781115772, -0.00017987383820636, -0.000106812661472029, 
-0.000126406192354988, -9.6672088523195e-05, 0.000182133431000665, 
0.00013075846365423, 1.77015239930061e-05, 0.000461395113881565, 
1.6705814988052e-07, 6.76353139253353e-08, -6.76353139253353e-08, 
4.9050803913116e-08, 6.27080734271517e-08, 1.80291517575304e-08, 
-1.25572065011657e-08, 7.93669125719687e-10, 7.26212885115685e-08, 
1.44656447340074e-08, -6.03816413571314e-08, -1.20979833533351e-07, 
1.7045947809654e-10, 1.86168340197971e-09, -1.86168340197971e-09, 
1.11338431391008e-09, 1.29819797874528e-09, 7.70886457290844e-10, 
9.12293601088033e-10, 6.97700932721084e-10, -1.31447040194593e-09, 
-9.43698579767148e-10, -1.27765535139838e-10, -3.33000817219602e-09, 
-8.62757377938687e-05, 0.000672685368391112, -0.000672439465654341, 
-0.000672447244562419, 8.62897174383669e-05, -0.000672661042638802, 
0.000672415148790537, 0.00067242292741834, -3.22088709593548e-06, 
-3.49337472823969e-05, 3.49337472823969e-05, -2.08935489643761e-05, 
-2.43625590227861e-05, -1.44645880607994e-05, -1.71123680121916e-05, 
-1.30887209822198e-05, 2.46478675672348e-05, 1.77015239657206e-05, 
2.40624288696049e-06, 6.24865157571552e-05, -6.9807496573073e-07, 
-2.82744838135752e-07, 2.82744838135752e-07, -2.05037501027067e-07, 
-2.62117828931064e-07, -7.53882697247618e-08, 5.24092382354649e-08, 
-3.36371551603994e-09, -3.03363666374121e-07, -6.0381642316993e-08, 
2.52317302421896e-07, 5.057479834577e-07, 2.30781807473499e-11, 
2.52049733637323e-10, -2.52049733637323e-10, 1.50738959977248e-10, 
1.75760526473203e-10, 1.043688342196e-10, 1.23513675301221e-10, 
9.44603868531512e-11, -1.77963618496427e-10, -1.27765534924253e-10, 
-1.72979300033324e-11, -4.50843399163299e-10, -1.08497006563225e-05, 
9.08815770153144e-05, -9.18876506689702e-05, -9.18894100542035e-05, 
1.08516646656565e-05, -9.08782904871843e-05, 9.18843276726661e-05, 
9.18860868730764e-05, -8.33841536537517e-05, -0.000910242626324673, 
0.000910242626324673, -0.000544375578033269, -0.000634739678168841, 
-0.000376912520539167, -0.000446039741901897, -0.000341123880730928, 
0.000642656652943356, 0.000461395113890726, 6.2486515853879e-05, 
0.0016281586601531, -1.3992208769805e-06, -5.66825318049857e-07, 
5.66825318049857e-07, -4.11031445111361e-07, -5.25451956720173e-07, 
-1.51146718931476e-07, 1.05001661444857e-07, -6.77791402744658e-09, 
-6.07990756448557e-07, -1.20979833343576e-07, 5.05747978139194e-07, 
1.0138850350067e-06, 6.0149656603483e-10, 6.56928078058822e-09, 
-6.56928078058822e-09, 3.92877444522481e-09, 4.58092231048592e-09, 
2.72020988237304e-09, 3.21919012304942e-09, 2.4619617508868e-09, 
-4.63834244801559e-09, -3.33000817225735e-09, -4.50843399865936e-10, 
-1.17505257132229e-08, -0.000302142363272141, 0.00237315971456954, 
-0.00237516079089678, -0.00237517975525334, 0.000302191890844454, 
-0.00237307389599743, 0.00237507489994905, 0.00237509386362547, 
1.9313332334172e-06, 7.82252219426697e-07, -7.82252219426697e-07, 
5.672649728478e-07, 7.25186078657741e-07, 2.08571110437056e-07, 
-1.45001149014931e-07, 9.30411883022837e-09, 8.39307089454966e-07, 
1.67058149268047e-07, -6.98074956414332e-07, -1.39922087753609e-06, 
0.00923264331737659, 0.00067908445132639, -0.00067908445132639, 
0.00045389407804434, 0.000566324873908382, -0.00104452287006459, 
-0.0006271470963947, -0.000201086904743095, -0.00153417315994932, 
-0.00102208264276396, -0.000265467288210028, -0.00121467140083061, 
-3.50250113546486e-18, -3.81149667917435e-17, 3.81149667917435e-17, 
-2.28150965686581e-17, -2.66040210305246e-17, -1.58158784116428e-17, 
-1.86950523166547e-17, -1.42951059074202e-17, 2.69327195570354e-17, 
1.93271502762882e-17, 2.61078531020236e-18, 6.8244325253204e-17, 
0.000199078511650617, 0.00166088874787868, 0.00609893173354628, 
0.00267179334727814, -0.000199075437426581, -0.0016609810599401, 
-0.00609883755435341, -0.00267175208969929, 7.82252218942008e-07, 
3.16890898893626e-07, -3.16890898893626e-07, 2.2979235411284e-07, 
2.93760595610057e-07, 8.45004943253946e-08, -5.87025141516028e-08, 
3.78927863695182e-09, 3.399049621595e-07, 6.76353142512265e-08, 
-2.8274483655572e-07, -5.66825316210663e-07, 0.000679084451328355, 
0.00228388101841241, -0.00228388101841241, 0.00147258927610331, 
0.00182868431881334, 0.00159604359786395, 0.000762939588182601, 
0.000747235923217197, -0.0011357768143816, -0.00143849620746109, 
-0.000776639992193098, -0.00408517262184067, -3.81443510176882e-17, 
-4.16666792673116e-16, 4.16666792673116e-16, -2.4921697873043e-16, 
-2.90586106088111e-16, -1.72549819965948e-16, -2.04209794092002e-16, 
-1.56163710382921e-16, 2.94221684379335e-16, 2.11260198662025e-16, 
2.85922183357446e-17, 7.45375859836593e-16, -0.000434694026000871, 
-0.000105951909650335, 0.00195492060829028, 0.00481162165831719, 
0.000434687313298263, 0.000105939560300113, -0.00195489042063368, 
-0.00481154735776952, -7.82252219142504e-07, -3.16890900708577e-07, 
3.16890900708577e-07, -2.29792355200223e-07, -2.93760596879082e-07, 
-8.45004950748105e-08, 5.87025132721039e-08, -3.78927931188402e-09, 
-3.39904960903731e-07, -6.76353133414729e-08, 2.82744836692174e-07, 
5.6682531945709e-07, -0.000679084451278116, -0.00228388101842699, 
0.00228388101842699, -0.00147258927611475, -0.00182868431882767, 
-0.00159604359786977, -0.000762939588196507, -0.000747235923218063, 
0.00113577681427748, 0.00143849620741006, 0.00077663999222653, 
0.00408517262186963, 3.81468217342265e-17, 4.16703117834048e-16, 
-4.16703117834048e-16, 2.49225078566042e-16, 2.90595577900771e-16, 
1.72549944269171e-16, 2.04211643386648e-16, 1.56179389318707e-16, 
-2.94251881522924e-16, -2.11237997346592e-16, -2.86100848184723e-17, 
-7.45383939381504e-16, 0.000434694025960833, 0.000105951909561232, 
-0.00195492060835258, -0.00481162165848252, -0.000434687313493723, 
-0.000105939560214954, 0.001954890420708, 0.00481154735789086, 
5.67264972627932e-07, 2.29792354627723e-07, -2.29792354627723e-07, 
1.66634074621321e-07, 2.13021179664784e-07, 6.12741633726369e-08, 
-4.25728836359035e-08, 2.74511991786971e-09, 2.46493977395914e-07, 
4.90508038321837e-08, -2.0503749825651e-07, -4.11031444984549e-07, 
0.000453894078051218, 0.00147258927613292, -0.00147258927613292, 
0.000963617933006924, 0.00119927045976, 0.00101634891147223, 
0.000473486257351447, 0.000471610018364608, -0.000706199659413423, 
-0.000959235629077576, -0.000588893294308902, -0.00263403429724248, 
-2.28135479643053e-17, -2.49217238877905e-16, 2.49217238877905e-16, 
-1.49047659094504e-16, -1.7378846965348e-16, -1.0319518962919e-16, 
-1.2212849228146e-16, -9.34013593646101e-17, 1.75969223824359e-16, 
1.26337804815468e-16, 1.71080478805844e-17, 4.45782488210243e-16, 
-0.000294083396707266, -2.57109634347366e-05, 0.00143879283536223, 
0.00314877369900135, 0.000294078855471807, 2.56994896125638e-05, 
-0.00143877061766076, -0.00314872507594584, 7.25186078204004e-07, 
2.93760594704664e-07, -2.93760594704664e-07, 2.13021178760448e-07, 
2.7232165077724e-07, 7.83307310961379e-08, -5.44266937261996e-08, 
3.50788153341638e-09, 3.15118422744436e-07, 6.27080740778646e-08, 
-2.62117825279898e-07, -5.25451953858826e-07, 0.000566324873729645, 
0.00182868431876182, -0.00182868431876182, 0.00119927045971353, 
0.00149971844145413, 0.00125181439325556, 0.000585427434395228, 
0.000582338750133912, -0.000880519942613494, -0.00120839835286153, 
-0.000756222593361007, -0.00327098422436514, -2.66028370780064e-17, 
-2.90597343965725e-16, 2.90597343965725e-16, -1.73784194070858e-16, 
-2.02625145935263e-16, -1.20295064168985e-16, -1.423911781777e-16, 
-1.08902851837161e-16, 2.05161261285344e-16, 1.47308526843572e-16, 
1.99662821096555e-17, 5.19810202895803e-16, -0.000416686263174612, 
-4.61261230109805e-05, 0.00179860711063637, 0.00398198830167623, 
0.000416679828449593, 4.61097923988558e-05, -0.00179857933676921, 
-0.00398192681195559, 2.08571110284298e-07, 8.4500494916527e-08, 
-8.4500494916527e-08, 6.12741635140671e-08, 7.83307318804848e-08, 
2.2533721773736e-08, -1.56475607771623e-08, 1.01351846478852e-09, 
9.06221628707159e-08, 1.80291516000095e-08, -7.53882696173283e-08, 
-1.51146719322841e-07, -0.00104452287009726, 0.0015960435978732, 
-0.0015960435978732, 0.0010163489114578, 0.00125181439332644, 
0.00157378326961129, 0.000646450216106281, 0.000593545033846681, 
-0.000393832541096103, -0.000633265836905906, -0.000356903673875588, 
-0.00285483459548223, -1.58001981014565e-17, -1.72565706609811e-16, 
1.72565706609811e-16, -1.03200333017794e-16, -1.20330524576965e-16, 
-7.14522693093511e-17, -8.45582625929895e-17, -6.4672573293926e-17, 
1.21834384588654e-16, 8.74711960764449e-17, 1.18541344955185e-17, 
3.08648998550803e-16, -0.000453752511017868, -0.000442587409980954, 
0.000183385449002128, 0.00315426328291505, 0.000453745504244045, 
0.000442595720400727, -0.000183382617132383, -0.00315421457506635, 
-1.4500114918544e-07, -5.87025137581933e-08, 5.87025137581933e-08, 
-4.25728836446924e-08, -5.44266930144126e-08, -1.56475609075152e-08, 
1.09006911241812e-08, -6.87797649334992e-10, -6.30351190256243e-08, 
-1.25572064355606e-08, 5.24092373692048e-08, 1.0500166157982e-07, 
-0.000627147096374034, 0.000762939588184584, -0.000762939588184584, 
0.00047348625734558, 0.000585427434392486, 0.000646450216089703, 
0.000443197756622058, 0.000336679142272504, -0.000709223279763189, 
-0.000740862820847741, -0.000276761685871003, -0.00136467876008873, 
-1.86937915710001e-17, -2.04212223966216e-16, 2.04212223966216e-16, 
-1.22126514325542e-16, -1.42401219859334e-16, -8.4557560807307e-17, 
-1.00070131374789e-16, -7.65308533120869e-17, 1.44182439213873e-16, 
1.03520255616369e-16, 1.40204450152921e-17, 3.65272899189405e-16, 
0.000557748561729627, -0.000238427605018308, 0.000114789719483008, 
0.00148665807276162, -0.000557739949035027, 0.000238459773853449, 
-0.000114787946928098, -0.00148663511594568, 9.30411869362614e-09, 
3.78927912510668e-09, -3.78927912510668e-09, 2.74512002037635e-09, 
3.50788220820555e-09, 1.01351844447329e-09, -6.87797552976187e-10, 
5.29124071470965e-11, 4.02720764289823e-09, 7.93669046347004e-10, 
-3.36371551991553e-09, -6.77791424680993e-09, -0.000201086904792329, 
0.000747235923235752, -0.000747235923235752, 0.000471610018371598, 
0.000582338750158707, 0.000593545033866114, 0.000336679142287789, 
0.000297069603395414, -0.000601952883922082, -0.000614504409684314, 
-0.000199096899228696, -0.00133658890412711, -1.42957169892689e-17, 
-1.56182737459548e-16, 1.56182737459548e-16, -9.34031564241105e-17, 
-1.08905814138037e-16, -6.46675954761051e-17, -7.65323947887214e-17, 
-5.85321653633064e-17, 1.10287720717787e-16, 7.91714080429252e-17, 
1.07254589818464e-17, 2.79360851040188e-16, 0.000289954122616648, 
-0.0001656972574569, 0.000318370290714266, 0.00147591773433693, 
-0.000289949645209539, 0.000165715103511051, -0.000318365374488282, 
-0.00147589494334745, 8.39307089667173e-07, 3.39904961534634e-07, 
-3.39904961534634e-07, 2.46493977364716e-07, 3.15118421686952e-07, 
9.06221630384237e-08, -6.30351190564485e-08, 4.02720776424733e-09, 
3.64773106454665e-07, 7.26212880005775e-08, -3.03363652901579e-07, 
-6.07990756364925e-07, -0.00153417315993434, -0.00113577681435585, 
0.00113577681435585, -0.00070619965943169, -0.000880519942754355, 
-0.000393832541108742, -0.00070922327975136, -0.000601952883889894, 
0.00815464861693389, 0.00677001394413723, 0.00134342147721575, 
0.00203154919659782, 2.69299692012783e-17, 2.94240600992219e-16, 
-2.94240600992219e-16, 1.75970010454547e-16, 2.05180725693718e-16, 
1.2183416220315e-16, 1.44187275903738e-16, 1.10272556398636e-16, 
-2.07758273044098e-16, -1.49163927113456e-16, -2.02021127667739e-17, 
-5.26308298426997e-16, -0.00735864572912142, 0.000726883421791573, 
-0.00479471131433875, -0.0021147310038822, 0.00735853209765772, 
-0.000727026902779184, 0.00479463727489249, 0.00211469834842714, 
1.67058149442927e-07, 6.76353138493322e-08, -6.76353138493322e-08, 
4.90508038441353e-08, 6.27080733454392e-08, 1.80291517371757e-08, 
-1.25572064326724e-08, 7.93669148332931e-10, 7.26212879640656e-08, 
1.44656446512001e-08, -6.03816411712836e-08, -1.20979833417497e-07, 
-0.00102208264265826, -0.00143849620743668, 0.00143849620743668, 
-0.000959235629079919, -0.00120839835292785, -0.000633265836919294, 
-0.00074086282082933, -0.000614504409658005, 0.00677001394407407, 
0.00636357992864759, 0.00228632892829816, 0.00257302127976302, 
1.93275483798245e-17, 2.11252430756567e-16, -2.11252430756567e-16, 
1.26338162500545e-16, 1.47311130580986e-16, 8.74688105798534e-17, 
1.03520184295696e-16, 7.91707804988084e-17, -1.49165939421349e-16, 
-1.07104066521726e-16, -1.45114832182965e-17, -3.77865740950941e-16, 
-0.00609267047541919, -2.03151006586329e-06, -0.00558233127834405, 
-0.0029986247190327, 0.00609257639299269, 1.92541680450132e-06, 
0.00558224507653315, 0.00299857841457629, -6.98074956357187e-07, 
-2.82744836529189e-07, 2.82744836529189e-07, -2.05037498196265e-07, 
-2.62117825332847e-07, -7.53882695692534e-08, 5.24092374138143e-08, 
-3.36371547962516e-09, -3.03363652972316e-07, -6.03816412175894e-08, 
2.52317299441542e-07, 5.05747978033436e-07, -0.000265467288114618, 
-0.000776639992215475, 0.000776639992215475, -0.000588893294310074, 
-0.000756222593328459, -0.000356903673893623, -0.000276761685864924, 
-0.000199096899236115, 0.00134342147720849, 0.00228632892831261, 
0.00214969984318087, 0.00138916048819079, 2.61119443311986e-18, 
2.86098421966618e-17, -2.86098421966618e-17, 1.71088274868142e-17, 
1.99479556149851e-17, 1.18409620005554e-17, 1.40181930090339e-17, 
1.07213215893028e-17, -2.02017009127536e-17, -1.45117289893115e-17, 
-1.9740866044317e-18, -5.11737696367477e-17, -0.00147356898192036, 
-0.000983370248199501, -0.00360605331373328, -0.00208165997521462, 
0.00147354622723098, 0.000983365425453538, 0.0036059976294414, 
0.00208162783044232, -1.39922087690406e-06, -5.66825318229877e-07, 
5.66825318229877e-07, -4.11031445273978e-07, -5.25451956891316e-07, 
-1.51146719098535e-07, 1.05001661308499e-07, -6.77791412266213e-09, 
-6.0799075609444e-07, -1.20979833127766e-07, 5.05747978236752e-07, 
1.0138850353977e-06, -0.00121467140083672, -0.00408517262188211, 
0.00408517262188211, -0.00263403429722256, -0.00327098422449873, 
-0.0028548345954868, -0.00136467876010392, -0.00133658890410338, 
0.00203154919658296, 0.00257302127978512, 0.00138916048819354, 
0.00730719471687132, 6.82305625658918e-17, 7.45372383247346e-16, 
-7.45372383247346e-16, 4.45785770248131e-16, 5.19786171659568e-16, 
3.08649301174588e-16, 3.65272424671628e-16, 2.79353290858517e-16, 
-5.26309222364808e-16, -3.77868434868972e-16, -5.11747089493711e-17, 
-1.33329674238768e-15, 0.000777593791523175, 0.000189559828052345, 
-0.00349672924969255, -0.00860663968687642, -0.000777581784002928, 
-0.000189537737343353, 0.00349667525356209, 0.00860650678398069, 
-3.0789954945429e-11, -3.36274337507618e-10, 3.36274337507618e-10, 
-2.01109690374105e-10, -2.34492430242863e-10, -1.39244585003465e-10, 
-1.64786840769379e-10, -1.26025144058691e-10, 2.37431704609499e-10, 
1.70459496160941e-10, 2.30781832396145e-11, 6.01496629766605e-10, 
1.20567570785737e-21, -2.14653404134064e-17, 2.14653404134064e-17, 
-2.98618360060205e-17, -2.75758748639229e-17, -4.02068947510144e-19, 
-3.31901383213145e-17, -1.46626737477256e-17, -9.60291488901375e-21, 
7.97041935788141e-19, 4.00921696616324e-19, 1.34103134266445e-16, 
4.07924320774415e-09, -1.95595238429429e-08, 1.95595238429429e-08, 
2.51140546894708e-09, 2.79882347296292e-09, -1.95639860987631e-09, 
1.9820150756091e-09, 2.21385578338496e-09, 1.18023712119064e-08, 
6.91186931343193e-09, 8.16786876443931e-09, -1.09728149919174e-08, 
7.55277429523195e-09, -6.787905116837e-09, -5.23359656233892e-09, 
-8.54195427697798e-09, -7.55244116503735e-09, 6.78760228910098e-09, 
5.23409777859977e-09, 8.54157098244463e-09, -3.36274284132398e-10, 
-3.67263973968052e-09, 3.67263973968052e-09, -2.19643118294003e-09, 
-2.56102271832778e-09, -1.52076783563548e-09, -1.79972906783239e-09, 
-1.37639094231048e-09, 2.59312417446634e-09, 1.86168330377668e-09, 
2.52049720818749e-10, 6.56928043393532e-09, 1.66973072629307e-17, 
-4.66589251879601e-16, 4.66589251879601e-16, -2.70477982705314e-16, 
-3.00032697944431e-16, -1.51105900744282e-16, -2.41923308988819e-16, 
-1.51698902501105e-16, -1.32970873379948e-16, 2.96821470350995e-16, 
1.81655174310552e-16, 7.50122139678765e-16, -1.95595239286234e-08, 
1.26780248998995e-07, -1.26780248998995e-07, -1.34572696930274e-08, 
-1.3935190602118e-08, 2.67889533308289e-08, -1.02051382594627e-08, 
-1.35171137088062e-08, -6.82070371553482e-08, -2.72119727385281e-08, 
-4.45055467005112e-08, 7.1124346410607e-08, -5.09057143637317e-08, 
5.92562135514059e-08, 1.86563676410981e-08, 4.01013958780308e-08, 
5.09034620108072e-08, -5.92535787205734e-08, -1.86609357503133e-08, 
-4.00996296239405e-08, 3.36274303710715e-10, 3.67263995367901e-09, 
-3.67263995367901e-09, 2.19643131086745e-09, 2.56102286751465e-09, 
1.52076792424899e-09, 1.79972917268264e-09, 1.37639102250141e-09, 
-2.59312432554427e-09, -1.86168341222934e-09, -2.52049735504878e-10, 
-6.56928081672562e-09, -1.67184660771587e-17, 4.67180513401347e-16, 
-4.67180513401347e-16, 2.70820732185738e-16, 3.00412899136048e-16, 
1.51297382019213e-16, 2.42229874009858e-16, 1.51891135227381e-16, 
1.33139373962904e-16, -2.97197602277608e-16, -1.81885367600181e-16, 
-7.51072693846088e-16, 1.95595243153283e-08, -1.26780248076313e-07, 
1.26780248076313e-07, 1.34572698855459e-08, 1.39351908865746e-08, 
-2.67889525989138e-08, 1.02051382007248e-08, 1.35171137163872e-08, 
6.82070372776358e-08, 2.72119730520522e-08, 4.45055465144467e-08, 
-7.11243465960593e-08, 5.0905715887426e-08, -5.92562216809317e-08, 
-1.86563803310901e-08, -4.01013988822189e-08, -5.0903472071361e-08, 
5.92535870281664e-08, 1.86609386860306e-08, 4.00996311100229e-08, 
-2.0110972840551e-10, -2.19643194692638e-09, 2.19643194692638e-09, 
-1.31358150021751e-09, -1.53162643603497e-09, -9.09499241622365e-10, 
-1.07633274719515e-09, -8.23154257255368e-10, 1.5508247970616e-09, 
1.11338464248075e-09, 1.50739004707509e-10, 3.92877560437967e-09, 
1.29582792418984e-20, -3.25928237870285e-16, 3.25928237870285e-16, 
-1.43814978971729e-16, -1.32067699447177e-16, 6.56554337187668e-17, 
-1.78346566839096e-16, -7.07330241240901e-17, -5.16047772452694e-20, 
4.28319651135736e-18, -6.72023211676521e-17, 6.52823266124891e-16, 
2.51140487803647e-09, -1.34572712638705e-08, 1.34572712638705e-08, 
1.6070066493968e-09, 1.74540716380990e-09, -1.95055421173497e-09, 
1.25036728160505e-09, 1.48751803689622e-09, 7.76542088512422e-09, 
4.00110448962118e-09, 5.25713364098254e-09, -7.54976338787574e-09, 
4.54083196969193e-09, 4.53175108720822e-10, -8.72608517794577e-09, 
-1.10023978541293e-08, -4.54060800590509e-09, -4.53145024975742e-10, 
8.72598409799496e-09, 1.10019205038616e-08, -2.34492393558794e-10, 
-2.5610227242863e-09, 2.5610227242863e-09, -1.5316259068203e-09, 
-1.78586462157452e-09, -1.0604691070771e-09, -1.25499568891025e-09, 
-9.59791520715065e-10, 1.80824976267751e-09, 1.2981979133071e-09, 
1.75760517887057e-10, 4.58092207944498e-09, 2.01477867748798e-17, 
-3.16900542158108e-16, 3.16900542158108e-16, -1.74297994962894e-16, 
-1.97214355285858e-16, -6.88488429390405e-17, -1.21431782847858e-16, 
-1.10084949038303e-16, -7.76684416482737e-17, 1.74671080199615e-16, 
1.06104998391126e-16, 5.25473213420167e-16, 2.79882332944364e-09, 
-1.39351905219756e-08, 1.39351905219756e-08, 1.74540781390495e-09, 
1.92863770914263e-09, -1.61333605708756e-09, 1.37090097990559e-09, 
1.56436841756141e-09, 8.28023330270137e-09, 4.6498379378188e-09, 
5.68675707927957e-09, -7.81806213649934e-09, 4.60669240286488e-09, 
1.21635128635628e-09, -9.78348081716481e-09, -1.21408122245102e-08, 
-4.60648489124952e-09, -1.21630555251757e-09, 9.78334461155207e-09, 
1.21402643201852e-08, -1.39244573282275e-10, -1.52076794899833e-09, 
1.52076794899833e-09, -9.09498993073611e-10, -1.06046918368117e-09, 
-6.29720077728321e-10, -7.4523244238572e-10, -5.69936443182309e-10, 
1.07376176586892e-09, 7.70886474104601e-10, 1.04368836624316e-10, 
2.72020994161573e-09, -8.15081252016461e-19, -1.65796028153911e-16, 
1.65796028153911e-16, -1.17903806935887e-16, -1.03918269169483e-16, 
-1.35897345340356e-16, -4.20356509599909e-17, -5.07116468050059e-17, 
3.22643943859216e-18, -4.90102300006965e-17, 1.3391538354208e-16, 
1.71563240273154e-16, -1.95639809307473e-09, 2.67889526505048e-08, 
-2.67889526505048e-08, -1.95055293193593e-09, -1.61333596786417e-09, 
1.01228992065264e-08, -1.32059137422768e-09, -2.59241914024503e-09, 
-1.17886159156859e-08, -1.87715509614444e-10, -6.73658495564052e-09, 
1.5026339225367e-08, -1.10026739034012e-08, 1.44605267985467e-08, 
1.99961107175018e-09, 6.52881586517072e-09, 1.10021781439008e-08, 
-1.44598830769082e-08, -2.00072590409417e-09, -6.52854422851428e-09, 
-1.64786849267484e-10, -1.7997294462281e-09, 1.7997294462281e-09, 
-1.0763325991005e-09, -1.2549959498237e-09, -7.45232543602241e-10, 
-8.81933875456916e-10, -6.74482520490787e-10, 1.27072685186718e-09, 
9.12293744827544e-10, 1.23513694950636e-10, 3.21919062995934e-09, 
7.08334485086676e-21, -1.24920621623393e-16, 1.24920621623393e-16, 
-6.03348704981635e-17, -1.61428243393084e-16, -2.36215508903354e-18, 
-1.94992064487751e-16, -8.61432090851894e-17, -5.64171255082251e-20, 
-2.82085627541125e-20, 2.3554149899684e-18, 3.19241422170915e-16, 
1.98201675932775e-09, -1.0205139259454e-08, 1.0205139259454e-08, 
1.25036754815901e-09, 1.37090175229645e-09, -1.32059128134677e-09, 
9.77791769327287e-10, 1.13736433892086e-09, 5.98209371506224e-09, 
3.23204159045471e-09, 4.08160252677272e-09, -5.72524225979204e-09, 
3.39847865344815e-09, 6.93374170406727e-10, -6.96678674900235e-09, 
-8.69291742455718e-09, -3.39830259439168e-09, -6.93330571711171e-10, 
6.96661774989494e-09, 8.69259713380958e-09, -1.26025205986763e-10, 
-1.37639183716594e-09, 1.37639183716594e-09, -8.23154506222003e-10, 
-9.59792142494699e-10, -5.69936771247687e-10, -6.74482817173989e-10, 
-5.15828774998021e-10, 9.71822775733585e-10, 6.97701349482352e-10, 
9.44604434061692e-11, 2.46196322175253e-09, 0, -1.91986693017746e-16, 
1.91986693017746e-16, -9.4674421525892e-17, -9.87266347001746e-17, 
-2.83677273072227e-18, -2.2994428565623e-16, -1.24228235130864e-16, 
0, -3.36753144838341e-20, 2.81188875940014e-18, -1.73404624684403e-16, 
2.21385786965946e-09, -1.35171154158919e-08, 1.35171154158919e-08, 
1.48751844409769e-09, 1.56436899489937e-09, -2.59241898755263e-09, 
1.13736370780031e-09, 1.45674102249287e-09, 7.42758646499667e-09, 
3.22971915011951e-09, 4.90218098265518e-09, -7.58323678705903e-09, 
4.83767162126081e-09, -1.708238538716e-09, -6.60038868014384e-09, 
-8.88678207411686e-09, -4.83748359607326e-09, 1.70815623935006e-09, 
6.60050747276123e-09, 8.88639700189391e-09, 2.37431675707439e-10, 
2.59312427036502e-09, -2.59312427036502e-09, 1.55082431497979e-09, 
1.80824982531558e-09, 1.07376172552144e-09, 1.27072663169703e-09, 
9.71822179958492e-10, -1.83091555650233e-09, -1.31447038121023e-09, 
-1.77963616012e-10, -4.63834237478737e-09, -1.78455633777508e-17, 
3.1835898750648e-16, -3.1835898750648e-16, 1.73510997503112e-16, 
1.89247038888134e-16, 1.72689486306716e-16, 1.644572966134e-16, 
1.20735744786844e-16, 1.42450288870933e-16, -1.5467552927608e-16, 
-9.39592832728743e-17, -4.3005937638497e-16, 1.18023709399565e-08, 
-6.82070373235283e-08, 6.82070373235283e-08, 7.76542138599643e-09, 
8.28023338328184e-09, -1.17886162535821e-08, 5.98209267332882e-09, 
7.42758412486587e-09, 3.82378118072675e-08, 1.79092445974088e-08, 
2.55114071406466e-08, -3.82676543126001e-08, 2.75961800580727e-08, 
-3.3491857493564e-08, -8.42739591593131e-09, -1.99676206460699e-08, 
-2.75949587506824e-08, 3.34903800880509e-08, 8.42997959787143e-09, 
1.99667263867063e-08, 1.70459461257691e-10, 1.86168321801535e-09, 
-1.86168321801535e-09, 1.11338420388621e-09, 1.29819785048165e-09, 
7.70886381104841e-10, 9.12293510948024e-10, 6.97700863790855e-10, 
-1.3144702720794e-09, -9.43698486508914e-10, -1.2776552251319e-10, 
-3.33000784320878e-09, 5.70962153553947e-19, 2.51680880953385e-16, 
-2.51680880953385e-16, 1.09985475134919e-16, 1.54732349737749e-16, 
-3.48609047720892e-17, 5.86796724143353e-17, 8.03179895033989e-17, 
-4.54745399725627e-18, 6.90766929195377e-17, 3.56751796548446e-17, 
-2.77489121839133e-16, 6.91186922366608e-09, -2.72119742361785e-08, 
2.72119742361785e-08, 4.00110469381367e-09, 4.64983798457147e-09, 
-1.87716385535244e-10, 3.23204087535806e-09, 3.22971780577699e-09, 
1.79092449227633e-08, 1.27758577523463e-08, 1.28796848384766e-08, 
-1.52668932471676e-08, 1.12854926954257e-08, -1.55182366114353e-08, 
-1.20484593436816e-09, -5.80866814040694e-09, -1.12850119829273e-08, 
1.5517562903012e-08, 1.20606982607e-09, 5.80842104356013e-09, 
2.30781789044526e-11, 2.52049713495672e-10, -2.52049713495672e-10, 
1.507389478892e-10, 1.75760512376894e-10, 1.04368825809181e-10, 
1.23513665399858e-10, 9.44603792531675e-11, -1.77963604277687e-10, 
-1.2776552468002e-10, -1.72979285793321e-11, -4.50843362956583e-10, 
0, 4.9960206768741e-17, -4.9960206768741e-17, 1.98229215612781e-17, 
2.08255113505008e-17, -3.58303507857279e-21, 4.85026658149364e-17, 
1.17120616281509e-17, 0, 7.10320989260922e-21, 3.55160494630461e-21, 
3.71750261345576e-17, 8.16786895735223e-09, -4.45055465979786e-08, 
4.45055465979786e-08, 5.257132927123e-09, 5.68675731951223e-09, 
-6.73658519038541e-09, 4.08160151386022e-09, 4.90217983489883e-09, 
2.55114075163203e-08, 1.28796843148746e-08, 1.7219797352062e-08, 
-2.49659713871292e-08, 1.7522540742857e-08, -1.80956554436945e-08, 
-9.25448013168454e-09, -1.67809641161043e-08, -1.75217605623151e-08, 
1.80948549540524e-08, 9.25585596121015e-09, 1.67802034521086e-08, 
6.01496570073637e-10, 6.56928082472285e-09, -6.56928082472285e-09, 
3.92877447160904e-09, 4.58092234126459e-09, 2.72020990064387e-09, 
3.21919014469813e-09, 2.46196176742952e-09, -4.63834247914593e-09, 
-3.33000819463682e-09, -4.50843402891544e-10, -1.17505257920809e-08, 
6.04304740246683e-17, 7.10219732322003e-16, -7.10219732322003e-16, 
4.60984547517974e-16, 5.13518499284025e-16, 2.14977413109954e-16, 
3.62085897744243e-16, 2.6671984736967e-16, -4.8087141899529e-16, 
-5.34403019954976e-16, -1.46214464742219e-16, -1.32798231271133e-15, 
-1.09728147115558e-08, 7.11243457302348e-08, -7.11243457302348e-08, 
-7.54976459427966e-09, -7.81806247395763e-09, 1.50263388069901e-08, 
-5.72524027807645e-09, -7.58323535580347e-09, -3.82676544087387e-08, 
-1.52668930324619e-08, -2.49659706812589e-08, 3.9900799515224e-08, 
-2.56791804325165e-08, 1.07425747092996e-08, 3.29749537716234e-08, 
4.5004957288225e-08, 2.56780350862648e-08, -1.07420910912432e-08, 
-3.29756547389319e-08, -4.50029946090692e-08, 1.33198546413125e-05, 
0.000168916286315591, -0.000168916286315591, 0.000100906078922825, 
0.000117582201044278, 7.00793733849776e-05, 8.33852466569561e-05, 
6.36326544446419e-05, -0.000120871541854772, -8.6275737801758e-05, 
-1.0849700672559e-05, -0.00030214236329576, 0.000199078511708355, 
-0.000434694025975955, 0.000434694025975955, -0.000294083396627657, 
-0.000416686263007204, -0.00045375251099755, 0.000557748561736332, 
0.00028995412259764, -0.00735864572899814, -0.00609267047542371, 
-0.00147356898193236, 0.000777593791472184, 7.55277491576474e-09, 
-5.09057185083077e-08, 5.09057185083077e-08, 4.5408375050338e-09, 
4.60668601779811e-09, -1.10026769434591e-08, 3.39846638316749e-09, 
4.83767745503828e-09, 2.75961804603935e-08, 1.12855041781977e-08, 
1.75225375521921e-08, -2.56791788314772e-08, 0.993188442083884, 
0.157099652656909, 0.641027297767784, -0.362432852703085, 0, 
0, 0, 0, -0.0001209798759066, -0.00132674547310453, 0.00132674547310453, 
-0.000793437131606437, -0.000925125022140185, -0.00054940870488661, 
-0.000650294454844978, -0.000497297589620251, 0.00093714050930538, 
0.000672685368408029, 9.08815770678622e-05, 0.00237315971458082, 
0.00166088874787495, -0.000105951909589153, 0.000105951909589153, 
-2.57109634301178e-05, -4.61261231095279e-05, -0.000442587409965276, 
-0.000238427605030118, -0.000165697257439872, 0.000726883421888764, 
-2.03150996102554e-06, -0.000983370248171726, 0.00018955982798175, 
-6.78790237136315e-09, 5.92562153200772e-08, -5.92562153200772e-08, 
4.53205871468712e-10, 1.21635622527594e-09, 1.4460515830369e-08, 
6.93368456589468e-10, -1.70823312936629e-09, -3.34918635736625e-08, 
-1.55182328387084e-08, -1.80956614308494e-08, 1.07425775785325e-08, 
0.157099652662346, 0.973541407114236, 0.354866635735391, -0.187656628477596, 
0, 0, 0, 0, 0.00012377259277527, 0.00132786346931589, -0.00132786346931589, 
0.000794248665489952, 0.000926163001790241, 0.000549707724647161, 
0.000650081494139786, 0.000497309000911223, -0.000935921770070417, 
-0.000672439465670448, -9.18876507388212e-05, -0.00237516079089831, 
0.00609893173336479, 0.00195492060823851, -0.00195492060823851, 
0.00143879283533901, 0.00179860711081927, 0.000183385449017105, 
0.000114789719468068, 0.000318370290735645, -0.00479471131418051, 
-0.00558233127844594, -0.00360605331381213, -0.00349672924963151, 
-5.23359548143545e-09, 1.86563717281606e-08, -1.86563717281606e-08, 
-8.72605658284017e-09, -9.78348702262284e-09, 1.99960163521893e-09, 
-6.96676097796889e-09, -6.60039462188098e-09, -8.42739881000795e-09, 
-1.20485339059271e-09, -9.25448188439566e-09, 3.29749671197674e-08, 
0.641027297779496, 0.35486663573296, 0.999999802800248, -0.0865051667806423, 
0, 0, 0, 0, 0.000123762798906297, 0.00132787407156809, -0.00132787407156809, 
0.000794255366905935, 0.000926170981750849, 0.000549713699181483, 
0.000650087340214181, 0.000497313181963635, -0.00093593131894272, 
-0.000672447244574579, -9.18894100096434e-05, -0.00237517975523266, 
0.00267179334697571, 0.00481162165835386, -0.00481162165835386, 
0.00314877369897565, 0.00398198830181533, 0.00315426328298367, 
0.00148665807281838, 0.00147591773432921, -0.00211473100415468, 
-0.00299862471902479, -0.00208165997530496, -0.00860663968686739, 
-8.54195219543469e-09, 4.01013882829311e-08, -4.01013882829311e-08, 
-1.10023881243225e-08, -1.21408067912541e-08, 6.52882239208113e-09, 
-8.69296452682943e-09, -8.88679745013153e-09, -1.99676139595661e-08, 
-5.80866989688794e-09, -1.67809551692932e-08, 4.50049717749649e-08, 
-0.362432852711919, -0.187656628490324, -0.0865051667902949, 
1.00000000002046, 0, 0, 0, 0, -1.3322574950708e-05, -0.000168943975348631, 
0.000168943975348631, -0.000100922648264161, -0.000117601527091423, 
-7.00908272081325e-05, -8.33987628169018e-05, -6.36430032006763e-05, 
0.000120890953987346, 8.62897174396186e-05, 1.08516647564504e-05, 
0.000302191890846862, -0.000199075437604337, 0.000434687313468737, 
-0.000434687313468737, 0.000294078855443548, 0.000416679828600348, 
0.000453745504265849, -0.000557739949029702, -0.000289949645146419, 
0.00735853209752592, 0.00609257639310417, 0.00147354622721353, 
-0.000777581784107367, -7.55244029594689e-09, 5.09034631714274e-08, 
-5.09034631714274e-08, -4.54063632657729e-09, -4.60648192190667e-09, 
1.1002189478159e-08, -3.39831581647953e-09, -4.83746312520879e-09, 
-2.75949578333942e-08, -1.12850041816213e-08, -1.75217612285989e-08, 
2.56780411344678e-08, 0, 0, 0, 0, 0.993188442089269, 0.157099652663344, 
0.641027297776278, -0.362432852704379, 0.000120975501012325, 
0.00132669749511556, -0.00132669749511556, 0.000793408439201819, 
0.000925091567616308, 0.000549388837078266, 0.000650270938789472, 
0.000497279606262668, -0.00093710662027548, -0.000672661042648618, 
-9.08782905932523e-05, -0.00237307389598719, -0.00166098105992847, 
0.000105939560249642, -0.000105939560249642, 2.56994895513514e-05, 
4.61097924177252e-05, 0.000442595720455046, 0.000238459773871357, 
0.000165715103518803, -0.000727026902801194, 1.92541684060244e-06, 
0.000983365425483806, -0.000189537737353996, 6.78760163848347e-09, 
-5.92535900227334e-08, 5.92535900227334e-08, -4.53185792117549e-10, 
-1.21630233517854e-09, -1.44598751684892e-08, -6.93337737404278e-10, 
1.70815744766868e-09, 3.34903797433767e-08, 1.55175453152599e-08, 
1.80948597164242e-08, -1.07421016383307e-08, 0, 0, 0, 0, 0.157099652666493, 
0.973541407128683, 0.354866635744574, -0.187656628479971, -0.000123768116891348, 
-0.00132781545090859, 0.00132781545090859, -0.000794219943744987, 
-0.000926129509738336, -0.000549687846030098, -0.000650057985790706, 
-0.000497291017145036, 0.000935887925120387, 0.000672415148808895, 
9.18843278831709e-05, 0.0023750748999608, -0.00609883755446888, 
-0.00195489042053797, 0.00195489042053797, -0.00143877061770102, 
-0.00179857933692394, -0.000183382617259232, -0.00011478794686561, 
-0.000318365374515361, 0.00479463727455131, 0.00558224507651721, 
0.0036059976294969, 0.00349667525375153, 5.23410289838137e-09, 
-1.86609306405716e-08, 1.86609306405716e-08, 8.72597938093296e-09, 
9.78334488757881e-09, -2.00072667299024e-09, 6.96667337380272e-09, 
6.60049712362828e-09, 8.42998515640248e-09, 1.20606470447384e-09, 
9.25585735123743e-09, -3.29756524746911e-08, 0, 0, 0, 0, 0.641027297790335, 
0.354866635754935, 0.999999802809214, -0.0865051668016636, -0.000123758323377553, 
-0.00132782605278834, 0.00132782605278834, -0.000794226644925199, 
-0.000926137489418014, -0.00054969382035291, -0.000650063831659068, 
-0.000497295198050366, 0.000935897473655124, 0.000672422927437274, 
9.18860870911292e-05, 0.00237509386362898, -0.00267175208962154, 
-0.00481154735788462, 0.00481154735788462, -0.00314872507594676, 
-0.00398192681238098, -0.00315421457492358, -0.0014866351159829, 
-0.00147589494336514, 0.00211469834887715, 0.00299857841441766, 
0.00208162783050809, 0.00860650678425343, 8.541573751023e-09, 
-4.00996116219417e-08, 4.00996116219417e-08, 1.1001900671839e-08, 
1.21402689010811e-08, -6.52853313720487e-09, 8.69257939123975e-09, 
8.88640372722330e-09, 1.9966729308479e-08, 5.80841255040346e-09, 
1.67802117032858e-08, -4.50029778645105e-08, 0, 0, 0, 0, -0.362432852692275, 
-0.187656628479929, -0.0865051667775697, 0.999999999989589), .Dim = c(44L, 
44L))
